
C2
Verses in the Book of Romans That Contain the Name Jehovah as Part of Direct or Indirect Quotations




VERSE

QUOTE OR REFERENCE

SUPPORTING REFERENCES



ROMANS 4:3

Genesis 15:6

J7, 8, 10, 17, 20, 22, 31-33, 37, 48, 65, 94, 95, 100, 101, 115, 125, 144, 146, 162, 163, 167, 236


ROMANS 4:8

Psalm 32:2

J7, 8, 10-12, 14-18, 20, 22-25, 31-36, 38, 40, 42, 43, 46, 52, 54, 57, 59, 61, 65-67, 88, 90, 94-96, 99-102, 105, 106, 108, 114, 115, 117, 118, 122, 130, 133, 136, 144-147, 162, 166, 187, 201, 203, 209, 210, 212, 213, 217, 228, 236-239, 244, 250, 267, 271, 273, 276, 279, 280, 287, 290, 295-297, 300


ROMANS 9:28

Isaiah 10:23

J7, 8, 10, 16, 20, 25, 29-33, 35, 36, 40, 42, 43, 52, 59, 61, 65, 66, 74, 88, 90, 93-96, 99-102, 105, 114, 115, 117, 118, 120, 125, 129, 130, 136, 144-147, 149-151, 154, 160, 164-167, 170, 171, 178, 185, 201, 203, 209, 210, 212, 237-239, 243, 244, 265, 271-273, 275, 276, 279, 280, 283, 287, 295, 296, 300


ROMANS 9:29

Isaiah 1:9

J7, 8, 10-12, 14-18, 20, 22-24, 28-32, 35, 36, 38, 40-43, 46, 47, 52, 54, 56, 57, 59-61, 65-67, 74, 88, 93, 95, 96, 100-103, 105, 106, 108, 114, 115, 117-120, 122, 125, 130, 136, 138, 144-147, 149-151, 154, 160, 163-167, 174, 178, 187, 201, 203, 209, 210, 212, 213, 227, 228, 237-239, 243, 244, 250, 253, 265, 271-273, 275, 276, 279, 280, 283, 287, 290, 296, 297, 300


ROMANS 10:13

Joel 2:32

J7, 8, 10, 14-18, 22-24, 28-33, 35, 36, 38, 40-43, 52, 59, 61, 65, 66, 88, 90, 93, 95, 96, 100-102, 105, 114, 115, 117, 118, 122, 133, 136, 139, 144-147, 149, 154, 160, 185, 187, 212, 213, 217, 227, 228, 236-239, 243, 244, 249, 250, 265, 267, 271, 273, 275, 276, 279, 280, 290, 299


ROMANS 11:3

1 Kings 19:10, 14

J7, 8, 10-12, 14-18, 23, 25, 30-32, 34-36, 41-43, 52, 54, 57, 59, 60, 65, 66, 73, 74, 80, 88, 93, 95, 96, 100-102, 105, 106, 114, 115, 117, 118, 122, 130, 133, 138, 144-147, 149, 154, 164-166, 178, 203, 209, 210, 212, 213, 219, 236-239, 244, 250, 275, 287, 295, 296


ROMANS 11:34

Isaiah 40:13

J7, 8, 10, 14-18, 20, 22-25, 28-36, 38, 42-44, 46, 47, 52, 59-61, 65, 66, 74, 88, 93-95, 99-102, 114, 115, 117, 122, 130, 133, 136, 138, 139, 144-147, 149, 154, 164-166, 178, 187, 217, 243, 244, 265, 271, 273, 276, 280, 290


ROMANS 14:11

Isaiah 45:23; 49:18

J7, 8, 10-12, 14-18, 22-25, 28-36, 38, 40-44, 46-48, 52, 59-61, 65, 66, 74, 88, 90, 93, 94, 100-103, 105, 106, 114, 115, 117, 122, 125, 130, 136, 138, 144-147, 149, 163-167, 174, 178, 187, 201, 203, 217, 219, 237-239, 243, 244, 250, 265, 269, 271, 273, 275, 276, 279, 280, 290, 295-297, 300


ROMANS 15:11

Psalm 117:1

J7, 8, 10-12, 14-18, 20, 22, 23, 25, 28-32, 34-36, 38, 40-44, 46, 47, 52, 54, 56, 57, 59-61, 65, 66, 74, 88, 93-95, 100-102, 105, 106, 108, 114, 115, 117, 118, 122, 130, 136, 138, 139, 144-147, 149, 154, 160, 164-167, 174, 178, 187, 201, 203, 209, 210, 212, 213, 217, 227, 228, 236-239, 243, 244, 250, 265, 269, 271, 273, 275, 276, 279, 280, 283, 287, 290, 295-297, 300







