
2016 Service Year Report of Jehovah’s Witnesses Worldwide




Country or Territory

Population

2016 Peak Pubs.

Ratio, 1 Publisher to

2016 Av. Pubs.

% Inc. Over 2015

2015 Av. Pubs.

2016 No. Bptzd.

Av. Aux. Pio. Pubs.

Av. Pio. Pubs.

No. of Congs.

Total Hours

Av. Bible Studies

Memorial Attendance



Albania

3,204,000

5,574

575

5,487

2

5,381

270

534

1,268

89

1,923,463

5,994

11,562


American Samoa

54,194

210

258

202

-7

218

11

12

34

3

61,815

345

708


Andorra

72,040

174

414

164

-4

170

 
6

20

3

34,558

111

354


Angola

25,789,024

128,057

201

121,306

9

111,123

9,549

7,462

15,165

1,725

35,715,951

595,961

564,070


Anguilla

14,760

70

211

61

-2

62

1

5

6

2

16,125

139

313


Antigua

92,740

489

190

463

 
462

15

26

48

7

98,694

605

1,364


Argentina

43,416,755

150,052

289

148,062

 
147,379

4,199

9,696

20,510

2,012

35,119,818

124,274

309,964


Armenia

2,998,600

11,178

268

10,999

 
11,019

433

949

2,176

133

3,322,154

7,296

23,512


Aruba

104,263

1,058

99

1,019

7

953

51

54

74

14

185,198

1,102

2,840


Australia

24,224,401

67,418

359

66,689

 
66,753

1,235

3,297

5,667

793

12,056,551

30,230

116,596


Austria

8,699,730

21,561

403

21,353

1

21,216

480

1,148

1,549

299

3,910,400

12,766

35,731


Azerbaijan

9,826,397

1,406

6,989

1,357

4

1,303

69

122

347

13

510,770

1,798

2,911


Azores

245,766

742

331

727

 
730

15

45

86

15

171,210

792

1,663


Bahamas

392,718

1,800

218

1,652

1

1,630

56

92

216

27

395,054

2,186

4,739


Bangladesh

160,995,642

282

570,907

271

12

243

10

16

120

6

131,347

643

969


Barbados

285,000

2,542

112

2,513

 
2,506

41

141

203

30

458,445

2,259

6,012


Belarus

9,496,000

5,903

1,609

5,854

 
5,828

158

496

1,239

78

1,880,259

4,859

10,231


Belgium

11,267,910

25,437

443

24,818

1

24,661

485

1,331

1,679

354

4,253,779

11,715

42,991


Belize

367,500

2,702

136

2,555

2

2,515

91

141

484

62

731,615

4,238

8,734


Benin

11,241,706

12,759

881

12,012

3

11,716

456

712

1,622

192

3,394,013

30,432

42,162


Bermuda

61,662

498

124

444

-1

448

12

17

94

5

117,948

327

945


Bolivia

10,725,000

26,081

411

25,457

3

24,836

1,140

2,287

5,093

332

8,265,115

42,568

75,027


Bonaire

18,000

148

122

135

14

118

 
9

11

2

26,902

180

358


Bosnia and Herzegovina

3,810,000

1,160

3,284

1,146

-2

1,170

24

89

185

16

325,340

517

1,883


Botswana

2,262,000

2,181

1,037

2,109

 
2,099

102

137

266

44

563,924

4,460

6,438


Brazil

206,482,887

829,743

249

808,710

3

787,470

32,978

47,815

91,983

11,911

182,262,093

916,992

1,799,512


Britain

65,111,143

138,261

471

134,517

 
134,491

2,309

6,728

13,240

1,613

24,823,570

61,280

226,750


Bulgaria

7,186,893

2,408

2,985

2,376

4

2,290

60

149

661

55

890,343

3,182

5,454


Burkina Faso

18,759,039

1,776

10,563

1,653

 
1,656

45

97

277

44

497,699

3,356

5,349


Burundi

9,396,000

13,595

691

12,957

3

12,577

864

1,075

2,016

270

4,242,272

40,291

51,587


Cambodia

15,577,899

1,021

15,257

986

10

894

26

43

558

14

525,885

2,524

2,790


Cameroon

24,071,647

41,721

577

38,373

1

37,869

1,426

1,875

4,442

399

9,570,133

74,239

97,036


Canada

36,401,079

115,006

317

113,954

 
114,123

1,678

6,688

12,166

1,409

23,093,041

55,780

184,604


Cape Verde

527,877

2,206

239

2,141

2

2,098

92

137

407

33

634,389

4,729

7,647


Cayman Islands

60,764

253

240

237

9

217

10

14

23

3

52,720

243

645


Central African Republic

4,900,000

2,547

1,924

2,525

-1

2,544

139

132

312

53

682,787

8,098

17,337


Chad

14,037,000

769

18,254

705

3

687

38

32

69

18

174,556

1,423

4,659


Chile

18,191,884

76,915

237

75,622

1

75,168

2,090

5,136

11,814

979

19,944,023

62,656

174,925


Chuuk

48,651

82

593

43

16

37

3

5

12

2

19,420

162

232


Colombia

49,953,000

171,146

292

167,960

2

165,089

8,168

9,001

24,233

2,572

42,596,832

219,223

500,548


Congo, Dem. Republic of

79,722,624

215,449

370

214,736

22

176,585

15,295

8,619

21,616

3,746

50,476,012

672,726

1,199,216


Congo, Republic of

4,740,992

6,576

721

6,314

4

6,080

400

443

494

78

1,651,784

23,282

22,598


Cook Islands

14,974

195

77

188

-3

194

2

8

22

3

38,064

182

450


Costa Rica

4,861,300

30,593

159

29,973

1

29,601

754

1,381

3,405

437

6,503,760

33,356

70,324


Côte d’Ivoire

23,842,311

11,133

2,142

10,620

3

10,302

511

705

1,624

317

3,222,371

28,274

76,526


Croatia

4,240,000

5,335

795

5,264

-2

5,372

55

316

473

64

1,059,476

2,123

8,434


Cuba

11,412,918

95,843

119

95,443

 
95,825

2,948

6,246

9,675

1,555

18,470,042

162,918

223,336


Curaçao

158,635

2,063

77

2,025

2

1,987

65

113

194

26

399,992

2,369

5,488


Cyprus

885,600

2,584

343

2,563

1

2,536

76

168

424

41

651,262

1,821

4,873


Czech Republic

10,564,866

15,594

677

15,490

 
15,471

261

829

1,140

222

2,702,528

7,411

26,656


Denmark

5,669,000

14,719

385

14,622

 
14,564

226

764

953

179

2,480,939

6,054

21,779


Dominica

73,000

437

167

421

-4

437

3

16

72

10

112,674

716

1,646


Dominican Republic

10,606,865

37,704

281

36,949

 
36,946

1,397

2,193

7,239

583

11,126,734

65,742

120,779


Ecuador

16,528,730

90,110

183

88,636

4

85,468

3,708

6,616

14,745

1,036

25,242,354

148,637

274,593


El Salvador

6,148,000

41,084

150

39,851

1

39,643

791

2,020

5,415

684

9,170,198

42,813

92,606


Equatorial Guinea

875,609

1,850

473

1,714

4

1,653

115

104

212

16

511,110

6,223

7,353


Estonia

1,315,944

4,065

324

4,031

-1

4,074

58

228

504

55

832,958

2,563

6,464


Ethiopia

99,391,000

10,277

9,671

10,116

1

10,013

452

605

2,352

220

3,321,666

7,494

25,150


Falkland Islands

2,912

12

243

11

 
11

 
1

 
1

1,604

10

19


Faroe Islands

48,000

134

358

129

15

112

 
8

35

4

38,710

120

203


Fiji

897,537

3,098

290

2,881

-3

2,958

20

130

493

79

724,603

4,513

11,821


Finland

5,487,308

18,477

297

18,397

-1

18,496

253

726

2,033

300

2,985,976

10,099

26,061


France

64,500,000

128,759

501

127,087

1

125,519

2,669

8,062

14,482

1,714

28,288,090

61,531

223,556


French Guiana

244,118

2,515

97

2,472

4

2,373

124

169

386

49

703,251

5,788

9,975


Gabon

1,772,682

4,090

433

3,996

1

3,972

177

239

543

42

1,151,130

8,795

12,478


Gambia

2,056,352

262

7,849

220

-4

230

13

14

36

4

66,341

441

639


Georgia

3,720,400

18,619

200

18,216

 
18,279

501

1,121

3,216

231

4,526,935

8,306

32,216


Germany

82,175,684

165,624

496

164,243

 
163,871

3,224

7,590

12,721

2,159

29,326,324

81,494

274,379


Ghana

28,188,439

133,607

211

128,258

3

124,004

6,069

5,153

14,009

1,941

31,688,587

420,286

354,966


Gibraltar

32,259

134

241

124

-2

127

2

10

21

2

33,158

47

185


Greece

10,787,690

28,715

376

28,537

 
28,592

651

1,679

4,086

389

6,591,317

12,838

47,027


Greenland

56,000

169

331

161

11

145

8

10

31

5

39,889

156

317


Grenada

107,327

565

190

542

-6

579

12

22

69

10

118,842

609

1,524


Guadeloupe

409,055

8,208

50

8,046

 
8,058

268

440

664

120

1,542,356

8,681

19,475


Guam

159,358

736

217

705

-5

740

25

48

122

9

194,696

1,032

1,858


Guatemala

16,700,400

39,976

418

38,822

2

38,140

517

2,225

5,857

893

10,054,759

50,743

98,074


Guinea

12,947,122

857

15,107

810

6

765

44

39

120

20

238,258

2,091

3,554


Guinea-Bissau

1,890,111

163

11,596

149

6

141

9

17

37

3

70,825

589

702


Guyana

767,085

3,100

247

3,016

3

2,941

105

177

442

48

737,749

5,314

12,456


Haiti

9,993,000

20,554

486

19,754

1

19,552

1,055

1,140

2,833

280

5,329,374

42,128

86,256


Honduras

8,199,000

23,565

348

22,908

1

22,653

474

1,253

4,244

442

6,718,127

34,528

67,271


Hong Kong

7,346,700

5,563

1,321

5,429

-1

5,509

171

397

1,027

59

1,660,060

5,903

9,508


Hungary

9,821,000

22,231

442

22,035

-2

22,400

490

1,291

1,917

297

4,477,362

11,631

39,543


Iceland

329,000

398

827

368

 
367

4

24

52

6

82,962

251

675


India

1,330,713,000

44,861

29,663

43,910

5

41,866

2,618

3,231

6,869

624

10,581,267

57,586

124,547


Indonesia

258,316,051

26,741

9,660

25,967

2

25,361

1,038

2,141

3,662

477

6,940,378

32,731

56,404


Ireland

4,713,993

6,585

716

6,407

2

6,281

65

348

935

119

1,463,718

3,647

12,077


Israel

8,751,200

1,604

5,456

1,564

4

1,511

55

90

241

27

402,781

1,322

3,430


Italy

60,665,551

251,092

242

250,249

 
250,277

4,915

19,097

33,733

2,976

60,708,456

118,676

438,412


Jamaica

2,803,362

11,714

239

11,539

-2

11,815

301

491

1,480

187

2,364,291

13,164

33,968


Japan

126,573,481

214,173

591

213,818

 
214,523

2,156

20,821

64,864

3,059

81,414,691

160,289

300,963


Kazakhstan

17,670,579

17,725

997

17,521

 
17,545

526

1,376

3,617

256

5,393,751

12,446

32,067


Kenya

47,528,480

26,886

1,768

26,582

 
26,578

659

1,094

3,524

632

6,802,044

47,307

67,173


Kiribati

114,405

146

784

134

-1

136

8

7

33

4

46,660

273

349


Korea, Republic of

50,504,000

99,962

505

99,724

 
99,950

1,893

9,546

40,069

1,331

46,602,013

77,592

135,398


Kosovo

2,350,000

257

9,144

247

5

236

7

12

98

7

120,065

482

548


Kosrae

6,616

28

236

20

 
20

 
3

5

1

8,236

56

107


Kyrgyzstan

6,019,500

5,178

1,163

5,124

1

5,071

209

453

1,096

69

1,599,886

5,182

10,833


Latvia

1,939,050

2,290

847

2,249

-1

2,275

46

131

349

36

559,498

1,952

3,519


Lebanon

6,023,372

3,684

1,635

3,641

-1

3,671

68

181

192

57

577,280

2,115

6,458


Lesotho

2,135,000

4,019

531

3,958

3

3,837

254

154

451

89

932,795

7,123

11,062


Liberia

4,615,222

7,137

647

6,332

4

6,112

341

238

712

133

1,720,634

21,963

45,809


Liechtenstein

37,623

89

423

85

 
85

2

2

2

1

9,194

38

141


Lithuania

2,862,786

3,079

930

3,042

-2

3,101

61

179

458

46

754,242

2,496

4,991


Luxembourg

583,189

2,108

277

2,082

2

2,042

15

126

144

32

389,003

1,147

3,996


Macao

652,500

329

1,983

289

-2

294

16

12

78

5

106,909

329

717


Macedonia

2,078,453

1,310

1,587

1,289

 
1,293

38

105

190

24

347,501

1,002

2,856


Madagascar

24,915,822

33,529

743

31,845

3

30,941

1,966

1,630

5,490

718

9,363,947

80,595

138,470


Madeira

256,424

1,138

225

1,116

-3

1,147

21

72

101

17

235,860

759

1,812


Malawi

17,885,806

89,299

200

88,810

10

80,776

7,072

3,198

7,138

1,520

17,009,981

132,375

291,106


Malaysia

30,700,000

5,055

6,073

4,936

3

4,804

231

308

1,298

113

1,702,752

8,755

13,330


Mali

18,145,967

322

56,354

293

3

284

12

20

52

7

97,772

727

1,118


Malta

419,000

747

561

694

4

665

20

40

86

8

139,350

262

1,210


Marshall Islands

69,747

211

331

176

-4

183

6

11

31

4

49,004

458

870


Martinique

396,909

4,794

83

4,744

 
4,755

152

280

577

66

1,093,014

5,165

10,662


Mauritius

1,277,459

1,869

683

1,832

3

1,785

62

105

197

25

388,876

2,209

4,414


Mayotte

236,507

162

1,460

156

6

147

2

13

43

3

58,503

381

388


Mexico

128,766,500

859,541

150

829,793

1

818,481

17,190

36,977

134,370

13,237

204,966,555

1,018,240

2,262,646


Moldova

4,069,000

19,800

206

19,653

-1

19,776

562

1,302

2,232

242

4,228,530

13,800

37,091


Mongolia

2,959,134

473

6,256

448

3

435

21

33

189

9

206,228

830

1,297


Montenegro

631,490

264

2,392

258

-4

270

3

30

55

6

95,463

167

541


Montserrat

5,154

21

245

20

5

19

 
2

10

1

10,751

82

124


Mozambique

28,947,073

56,192

515

54,455

3

53,027

1,390

2,023

5,019

1,175

11,323,585

101,379

223,543


Myanmar

54,479,161

4,211

12,937

4,139

1

4,099

97

116

612

76

851,328

4,106

8,847


Namibia

2,459,000

2,448

1,004

2,310

3

2,247

128

129

261

44

578,848

4,494

8,239


Nauru

10,263

19

540

15

36

11

 
1

1

1

3,659

32

130


Nepal

28,441,000

2,367

12,016

2,322

5

2,204

112

143

802

36

880,086

4,833

7,261


Netherlands

17,054,563

29,839

572

29,490

 
29,508

562

1,422

1,784

362

4,786,042

12,802

51,404


Nevis

12,000

74

162

65

16

56

 
1

3

1

8,571

73

243


New Caledonia

275,202

2,333

118

2,252

4

2,164

100

173

199

33

508,312

3,167

7,198


New Zealand

4,718,126

14,242

331

13,895

 
13,929

311

725

1,249

186

2,596,600

8,389

26,527


Nicaragua

6,155,700

28,642

215

27,651

2

27,054

789

1,382

4,139

485

7,064,669

42,298

88,308


Niger

20,860,548

292

71,440

274

1

272

9

13

40

7

76,998

388

957


Nigeria

182,202,000

370,336

492

342,122

1

338,955

12,204

12,914

37,746

6,430

75,202,806

870,185

774,874


Niue

1,190

24

50

23

-4

24

 
1

3

1

3,965

20

70


Norfolk Island

1,796

6

299

6

20

5

 
 
 
1

599

3

16


Norway

5,211,000

11,664

447

11,535

1

11,472

233

604

980

168

2,007,497

5,654

18,165


Pakistan

192,826,502

1,034

186,486

975

2

960

45

37

105

19

187,704

1,205

4,392


Palau

21,108

79

267

75

-6

80

 
7

15

2

25,118

181

220


Palestinian Territory

4,810,000

78

61,667

73

3

71

 
5

10

2

14,987

64

190


Panama

3,995,500

17,193

232

16,529

2

16,224

401

927

2,781

317

4,336,896

23,314

50,177


Papua New Guinea

7,708,577

4,586

1,681

4,112

5

3,916

186

201

485

109

1,025,985

7,865

35,593


Paraguay

6,750,721

10,207

661

9,982

3

9,719

389

590

1,683

227

2,768,541

15,344

23,452


Peru

31,826,018

127,855

249

121,991

1

120,260

4,838

9,214

27,771

1,448

40,081,539

193,536

358,596


Philippines

100,981,437

209,131

483

202,431

1

199,551

8,900

9,801

41,182

3,315

50,130,621

269,655

584,685


Pohnpei

35,981

75

480

70

1

69

4

5

21

1

22,786

164

235


Poland

38,437,239

119,932

320

118,947

-2

121,018

1,740

6,225

7,720

1,305

18,988,899

50,479

190,613


Portugal

9,839,140

48,999

201

48,484

 
48,633

1,016

3,077

4,394

647

9,911,399

26,864

88,538


Puerto Rico

3,680,772

25,579

144

25,269

-1

25,585

651

1,493

3,628

323

5,918,513

15,565

53,241


Réunion

861,984

3,160

273

3,087

4

2,980

85

200

371

38

734,891

2,438

6,565


Rodrigues

41,669

50

833

43

-10

48

2

3

5

1

9,450

55

105


Romania

21,136,000

40,398

523

40,151

-1

40,370

798

2,073

3,809

547

7,692,179

24,533

79,150


Rota

2,477

11

225

9

 
9

1

1

4

1

3,992

12

25


Russia

146,074,524

171,828

850

170,415

-1

172,977

4,002

11,844

29,665

2,315

46,559,507

107,312

293,933


Rwanda

11,533,446

27,759

415

26,229

5

25,061

1,870

2,298

4,856

598

9,796,307

69,889

85,493


Saba

1,800

12

150

9

-25

12

 
1

3

 
3,549

26

43


St. Barthélemy

9,503

30

317

27

4

26

 
3

6

1

9,863

31

91


St. Eustatius

4,020

29

139

25

14

22

 
1

3

1

6,339

40

93


St. Helena

4,000

121

33

116

-2

118

3

2

 
3

10,182

65

269


St. Kitts

44,183

211

209

200

-1

203

2

7

29

4

48,186

260

685


St. Lucia

186,383

778

240

739

2

727

17

46

105

11

199,855

1,225

2,208


St. Maarten

39,540

339

117

325

-4

340

11

18

31

5

75,737

462

1,247


St. Martin

36,457

322

113

297

-5

313

5

15

26

5

64,865

480

1,078


St. Pierre and Miquelon

6,286

14

449

13

-7

14

 
1

5

1

5,188

7

19


St. Vincent & the Grenadines

109,645

345

318

328

-2

336

2

25

45

8

93,662

519

1,105


Saipan

48,200

211

228

200

3

194

8

18

37

3

61,811

369

511


Samoa

194,899

548

356

510

-2

519

27

37

84

12

153,054

873

2,272


San Marino

33,121

195

170

193

-4

202

 
18

27

2

54,873

96

313


São Tomé and Príncipe

195,364

810

241

778

3

754

29

69

143

11

283,089

3,135

3,277


Senegal

15,604,407

1,263

12,355

1,205

3

1,168

45

84

156

25

334,309

2,069

2,859


Serbia

8,118,146

3,894

2,085

3,855

 
3,861

80

292

618

63

1,067,776

2,419

8,381


Seychelles

92,430

337

274

324

-3

333

6

11

47

4

78,824

406

893


Sierra Leone

6,592,102

2,214

2,977

2,071

2

2,037

125

105

249

39

554,424

5,201

10,079


Slovakia

5,427,917

11,441

474

11,321

 
11,276

223

588

915

140

1,981,997

4,521

21,547


Slovenia

2,068,000

1,905

1,086

1,889

-1

1,911

34

115

233

30

444,607

1,058

2,977


Solomon Islands

596,109

2,039

292

1,935

1

1,915

78

52

267

52

402,045

2,346

10,044


South Africa

54,490,000

102,606

531

99,249

3

96,631

6,000

4,842

12,160

2,105

23,113,503

150,734

273,686


South Sudan

12,822,840

1,232

10,408

1,179

-3

1,218

5

63

173

35

304,478

3,169

5,042


Spain

46,025,318

112,455

409

110,393

1

109,457

2,199

8,253

14,710

1,502

28,069,429

55,903

190,976


Sri Lanka

20,810,816

5,969

3,486

5,915

2

5,775

251

340

809

108

1,308,806

8,411

15,790


Sudan

41,394,024

624

66,337

624

5

595

27

43

80

16

176,691

1,653

2,485


Suriname

540,000

2,982

181

2,919

2

2,849

107

259

307

55

694,247

5,675

10,040


Swaziland

1,287,000

3,217

400

3,106

1

3,063

164

134

277

87

686,618

4,890

8,953


Sweden

9,779,000

22,430

436

22,238

 
22,236

286

1,118

2,200

310

3,900,229

10,586

35,476


Switzerland

8,327,126

19,327

431

18,838

1

18,611

352

945

1,105

275

3,094,837

9,788

32,819


Tahiti

268,207

3,206

84

3,162

3

3,079

155

245

482

46

853,180

4,307

9,721


Taiwan

23,510,000

10,126

2,322

9,941

4

9,582

240

845

3,323

147

4,105,237

14,617

19,558


Tanzania

55,538,635

16,989

3,269

16,335

1

16,129

345

604

1,861

477

3,929,723

34,592

55,136


Thailand

68,200,800

4,574

14,911

4,493

6

4,258

221

310

1,553

109

1,805,943

6,927

9,986


Timor-Leste

1,167,242

340

3,433

318

12

284

22

23

69

4

109,950

607

919


Tinian

2,500

23

109

17

13

15

 
1

3

1

4,619

27

47


Togo

7,544,879

20,157

374

19,558

3

19,067

929

1,303

1,990

293

5,268,781

62,762

66,727


Tonga

106,326

235

452

197

-5

208

7

9

27

3

39,814

249

593


Trinidad & Tobago

1,360,088

9,675

141

9,635

1

9,543

258

678

1,196

126

2,032,071

11,445

24,459


Turkey

79,000,000

2,829

27,925

2,727

8

2,514

108

184

494

38

796,130

1,806

4,960


Turks and Caicos

34,904

330

106

316

-5

332

8

15

56

6

89,733

660

1,020


Tuvalu

9,943

73

136

52

-19

64

 
1

3

1

8,045

69

214


Uganda

36,893,477

7,266

5,078

7,095

4

6,832

420

505

1,063

147

2,179,161

20,302

23,920


Ukraine

42,480,549

141,846

299

140,356

-1

141,364

3,440

10,168

19,444

1,578

34,329,925

80,903

242,086


United States of America

324,118,787

1,231,609

263

1,198,026

 
1,195,081

28,588

60,951

168,318

14,040

273,517,480

747,554

2,495,181


Uruguay

3,423,787

11,786

290

11,634

 
11,614

332

617

1,057

157

2,196,785

9,439

24,403


Vanuatu

270,470

717

377

624

12

557

33

39

78

14

158,377

1,509

3,327


Venezuela

31,028,637

147,680

210

144,003

4

138,860

7,247

11,054

28,953

1,849

44,458,254

210,632

467,611


Virgin Islands, British

30,659

256

120

245

-4

256

0

14

30

4

59,192

241

846


Virgin Islands, U.S.

106,415

619

172

571

-3

586

17

32

90

10

147,505

551

1,706


Wallis & Futuna Islands

11,504

43

268

37

-16

44

 
1

3

1

8,129

68

185


Yap

11,376

29

392

27

-4

28

1

2

10

1

13,196

101

145


Zambia

15,933,883

183,586

87

181,568

6

171,167

10,471

5,565

14,469

2,972

36,329,176

415,706

782,527


Zimbabwe

15,764,255

45,640

345

44,574

3

43,361

3,339

2,613

5,874

1,242

11,942,197

107,706

116,011


31 Other Lands

 
41,775

 
40,167

12.2

35,798

1,963

3,492

15,297

907

19,457,900

73,443

82,546


Grand Total (240 Lands)

 
8,340,847

 
8,132,358

1.8

7,987,279

264,535

459,393

1,157,017

119,485

1,983,763,754

10,115,264

20,085,142








