
C2
Verses in the Book of Acts That Contain the Name Jehovah as Part of Direct or Indirect Quotations




VERSE

QUOTE OR REFERENCE

SUPPORTING REFERENCES



ACTS 2:20

Joel 2:31

J7, 8, 10-12, 14-18, 20, 22-24, 28-35, 38, 40, 42-44, 46, 47, 52, 54, 57, 60, 61, 65, 66, 88-90, 93-96, 100-103, 105, 106, 114, 115, 117, 118, 123, 132, 144-147, 149, 154, 164-166, 176, 178, 185, 187, 200-202, 212, 217, 228, 236, 243, 244, 246, 250, 265, 269, 271, 273, 275, 290, 293, 295, 296, 300, 306, 310, 322-324


ACTS 2:21

Joel 2:32

J7, 8, 10-12, 14-18, 20, 22-24, 28-35, 38, 40-44, 46, 48, 52, 54, 57, 61, 65, 66, 88-90, 93, 95, 96, 100-102, 105, 106, 110, 114, 115, 117, 118, 132, 144-147, 149, 154, 164-166, 178, 181, 187, 200-202, 212, 213, 217, 228, 236, 237, 243, 244, 250, 263, 265, 269, 271, 273, 275, 290, 293, 295, 296, 300, 306, 310, 322-324


ACTS 2:25

Psalm 16:8

J7, 8, 10-12, 14-18, 20, 22, 23, 27, 28, 32, 34, 35, 38, 40-44, 46, 52, 54, 57, 60, 61, 66, 88-90, 93-95, 100-102, 105, 106, 113-115, 117, 118, 126, 132, 138, 144-147, 149, 154, 160, 164-167, 178, 181, 187, 200-202, 209, 210, 212, 213, 219, 227, 228, 236, 243, 244, 246, 250, 265, 269, 271, 273, 275, 287, 293, 295-297, 300, 306, 310, 322-324


ACTS 2:34

Psalm 110:1

J7, 8, 10-12, 14-18, 21-24, 28-36, 38, 40-44, 46, 47, 52, 54, 57, 59-61, 64-66, 71, 73, 79-81, 85, 88-90, 93-96, 100-102, 105, 107, 110, 112-115, 117, 118, 120, 123, 125, 126, 128-132, 137, 138, 144-151, 154, 160, 164-168, 170, 171, 178, 181, 186, 187, 198, 200-202, 206, 207, 209, 210, 212, 213, 217-219, 227, 228, 237-239, 243, 244, 246, 250, 265, 268, 269, 271, 273, 275, 281, 283, 287, 293, 295-297, 300, 305, 306, 310, 322-324


ACTS 3:22

Deuteronomy 18:15

J7, 8, 10-12, 14-18, 20, 22-24, 28-38, 40-44, 46-48, 51, 52, 54, 57, 59-61, 65, 66, 80, 88, 90, 93-95, 99-105, 114, 115, 117, 118, 125, 126, 130, 132, 138, 144-147, 149, 154, 163-167, 172, 178, 181, 185-187, 200-202, 209, 210, 212, 213, 217, 219, 222, 223, 228, 243, 244, 250, 265, 269, 271, 273, 275, 283, 287, 290, 293, 295-297, 300, 306, 310, 322-324


ACTS 4:26

Psalm 2:2

J7, 8, 10-12, 14-18, 20, 22, 23, 28-36, 38, 40-43, 46, 47, 52, 54, 57, 59, 61, 65, 66, 88, 90, 93-95, 99-102, 104-107, 114-118, 125, 130, 132, 144-147, 149, 154, 160, 164-167, 172, 178, 181, 187, 200-202, 209, 210, 212, 213, 220, 222, 227, 228, 236, 244, 246, 250, 254, 265, 271, 273, 275, 283, 287, 290, 293, 295-297, 299, 300, 306, 310, 322-324


ACTS 7:49

Isaiah 66:1

J11, 12, 14-18, 20, 22-24, 28-36, 38, 40-44, 46, 47, 52, 59, 61, 65, 66, 79, 80, 88, 90, 93-95, 99-103, 105, 106, 113-115, 117, 118, 130, 132, 138, 144-147, 149, 154, 164-167, 172, 178, 185-187, 199, 201, 209, 210, 212, 217, 222, 227, 228, 236-239, 243, 244, 265, 268, 271, 273, 275, 283, 287, 290, 293, 296, 297, 300, 310, 322-324


ACTS 15:17b

Amos 9:12

J7, 8, 10-12, 14-18, 20, 22-24, 28-36, 38, 40-43, 47, 52, 57, 59, 61, 65, 66, 73, 81, 82, 88, 90, 93, 95, 96, 100-106, 114, 115, 117, 121, 132, 144-147, 149, 154, 160, 164-167, 178, 186, 187, 201, 217, 228, 244, 250, 265, 267, 271, 273, 275, 276, 280, 283, 290, 293, 295-297, 300, 306, 310, 322-324







