
Country and Territory Reports




Country or Territory

Population

2021 Peak Pubs.

Ratio, 1 Publisher to

2021 Av. Pubs.

% Inc. Over 2020

2021 No. Bptzd.

Av. Pio. Pubs.

No. of Congs.

Av. Bible Studies

Memorial Attendance



Albania

2,873,000

5,632

513

5,599

1

130

1,287

87

3,891

15,626


American Samoa

55,000

155

382

144

10

7

32

3

187

668


Andorra

77,000

174

456

169

1

 
15

3

108

372


Angola

33,934,000

161,286

226

150,298

-2

4,757

24,717

2,538

204,608

419,197


Anguilla

15,000

61

273

55

-2

 
11

1

55

206


Antigua

99,000

481

215

460

-1

5

36

7

373

1,549


Argentina

45,606,000

157,734

291

156,776

1

2,851

30,532

1,960

126,810

411,392


Armenia

3,110,000

11,351

279

11,150

2

181

2,139

136

3,786

32,022


Aruba

107,000

1,122

97

1,108

2

25

120

14

851

3,523


Australia

25,799,000

70,951

368

70,034

3

998

7,507

748

22,183

117,731


Austria

9,044,000

21,768

418

21,616

2

242

1,928

290

7,515

36,810


Azerbaijan

10,119,000

1,663

6,193

1,634

7

88

417

15

2,258

4,345


Azores

237,000

809

296

800

1

15

112

15

543

2,045


Bahamas

397,000

1,838

227

1,746

3

74

252

28

2,009

5,439


Bangladesh

166,303,000

332

507,021

328

1

13

142

6

451

1,210


Barbados

288,000

2,408

120

2,394

2

52

180

30

2,027

7,857


Belarus

9,350,000

6,208

1,514

6,175

 
124

1,373

83

5,096

12,764


Belgium

11,521,000

26,012

447

25,768

3

512

2,217

338

11,347

49,040


Belize

405,000

2,665

157

2,572

1

59

482

54

2,354

9,187


Benin

12,451,000

14,350

946

13,155

1

438

1,830

242

15,245

37,572


Bermuda

62,000

447

154

403

4

 
77

5

210

1,068


Bolivia

11,833,000

29,540

403

29,351

1

861

7,771

448

29,103

102,489


Bonaire

21,000

127

181

116

-3

 
18

2

83

357


Bosnia and Herzegovina

3,263,000

1,041

3,180

1,026

 
11

170

16

357

1,808


Botswana

2,397,000

2,396

1,058

2,265

4

42

330

45

3,111

6,952


Brazil

213,993,000

913,479

236

906,356

2

20,406

136,453

12,441

862,968

2,184,856


Britain

65,247,000

140,094

476

137,168

5

2,483

16,294

1,611

46,464

248,800


Bulgaria

6,897,000

2,675

2,615

2,637

3

54

672

56

1,893

7,386


Burkina Faso

21,497,000

1,961

12,638

1,701

1

35

234

49

1,811

4,528


Burundi

12,255,000

16,965

778

15,750

3

578

2,513

272

21,522

40,590


Cambodia

16,946,000

1,135

15,023

1,128

-3

31

591

18

958

2,740


Cameroon

27,244,000

43,526

652

41,779

 
795

5,840

530

32,778

98,823


Canada

38,068,000

118,533

324

117,435

2

1,407

14,780

1,193

48,893

207,336


Cape Verde

562,000

2,293

247

2,273

2

46

370

35

2,439

8,830


Cayman Islands

66,000

279

245

269

-2

 
35

3

158

703


Central African Republic

4,920,000

2,502

2,095

2,349

-14

69

267

65

3,550

13,586


Chad

16,915,000

822

21,826

775

-5

33

80

21

827

3,684


Chile

19,678,000

87,144

228

86,251

4

2,054

17,857

955

55,443

268,126


Chuuk

54,000

35

1,742

31

-6

 
9

2

75

175


Colombia

51,266,000

190,223

272

188,624

1

4,958

29,270

2,302

180,965

632,726


Congo, Dem. Republic of

92,378,000

205,045

458

201,736

-6

6,581

20,097

4,084

257,986

1,079,733


Congo, Republic of

5,657,000

8,358

703

8,045

-3

357

1,138

116

11,100

25,022


Cook Islands

18,000

223

91

198

-3

4

25

3

126

565


Costa Rica

5,193,000

32,704

160

32,449

2

773

3,943

436

27,249

80,874


Côte d’Ivoire

27,054,000

11,980

2,330

11,613

 
183

1,577

310

19,053

40,133


Croatia

4,082,000

4,815

856

4,766

1

49

421

57

1,052

8,146


Cuba

11,317,000

93,952

121

93,426

-1

1,371

9,150

1,401

40,140

191,438


Curaçao

165,000

2,046

82

2,018

3

86

218

25

1,569

6,447


Cyprus

1,216,000

2,866

432

2,818

4

36

521

41

1,353

5,588


Czech Republic

10,725,000

15,549

696

15,418

1

158

1,362

212

5,523

29,999


Denmark

5,843,000

14,588

403

14,516

1

150

1,210

174

4,087

22,041


Dominica

72,000

427

176

409

1

 
51

10

426

1,433


Dominican Republic

10,954,000

40,542

285

38,495

 
654

7,285

546

45,469

150,128


Ecuador

17,888,000

101,608

178

100,485

1

2,436

19,908

1,205

101,029

357,448


El Salvador

6,518,000

39,578

168

38,907

-1

529

4,789

662

21,359

93,265


Equatorial Guinea

1,451,000

2,721

606

2,395

3

69

328

31

3,515

9,028


Estonia

1,330,000

4,003

336

3,961

1

34

584

55

1,707

7,253


Eswatini

1,172,000

3,285

369

3,179

 
44

365

80

3,309

8,725


Ethiopia

117,876,000

11,030

10,838

10,876

3

282

2,365

189

9,758

26,482


Falkland Islands

4,000

17

286

14

 
 
3

1

4

17


Faroe Islands

53,000

131

414

128

2

 
22

4

74

179


Fiji

903,000

3,426

294

3,071

3

35

522

82

3,177

12,411


Finland

5,534,000

18,225

306

18,091

 
146

2,238

278

9,951

27,975


France

65,466,000

136,000

486

134,619

3

2,236

17,349

1,546

52,320

251,477


French Guiana

306,000

3,015

104

2,946

3

86

499

46

4,465

11,326


Gabon

2,279,000

4,471

523

4,360

 
88

577

59

4,749

14,452


Gambia

2,487,000

282

9,529

261

3

2

40

5

355

806


Georgia

3,729,000

18,772

201

18,524

3

293

3,368

219

4,997

40,339


Germany

83,121,000

167,328

502

165,636

2

2,361

16,263

2,073

52,751

284,011


Ghana

31,732,000

149,232

216

147,131

4

3,672

15,851

2,339

229,960

346,089


Gibraltar

34,000

126

279

122

-6

 
19

2

26

177


Greece

10,718,000

28,326

381

28,133

 
415

4,239

356

8,718

53,215


Greenland

56,000

144

412

136

1

1

33

5

94

352


Grenada

113,000

544

214

529

1

18

78

9

456

1,656


Guadeloupe

400,000

8,396

48

8,278

3

189

784

118

6,233

21,858


Guam

170,000

770

225

756

 
17

174

9

705

2,174


Guatemala

18,250,000

40,020

461

39,589

 
739

6,498

857

26,331

111,350


Guinea

13,497,000

1,232

12,474

1,082

4

48

152

25

1,721

4,076


Guinea-Bissau

2,015,000

205

10,126

199

-1

1

50

4

453

1,163


Guyana

790,000

3,417

237

3,334

4

92

507

51

4,146

14,394


Haiti

11,542,000

19,082

616

18,740

-3

313

2,621

271

22,349

65,700


Honduras

10,063,000

22,912

448

22,465

-1

418

4,149

434

16,843

70,973


Hong Kong

7,395,000

5,588

1,329

5,565

 
147

1,287

66

4,692

12,904


Hungary

9,731,000

20,974

468

20,793

1

388

1,895

289

7,134

43,543


Iceland

370,000

396

969

382

3

3

62

7

217

793


India

1,393,409,000

55,408

25,554

54,529

6

160

8,450

906

57,368

183,849


Indonesia

276,363,000

30,188

9,338

29,595

2

758

4,899

510

21,003

66,038


Ireland

6,899,000

7,341

954

7,230

5

174

1,247

120

2,743

13,802


Israel

9,489,000

2,021

4,764

1,992

4

65

366

33

1,455

4,177


Italy

60,367,000

251,490

241

250,678

 
3,152

41,446

2,856

94,345

519,224


Jamaica

2,973,000

11,499

269

11,033

3

225

1,386

152

9,209

48,056


Japan

126,051,000

213,451

592

212,911

1

1,621

66,947

2,959

71,178

321,158


Kazakhstan

18,995,000

17,541

1,093

17,384

1

493

4,197

257

8,484

35,044


Kenya

54,986,000

29,911

1,976

27,821

 
854

3,542

651

27,894

78,181


Kiribati

121,000

145

1,210

100

-15

 
27

3

106

353


Korea, Republic of

51,672,000

105,208

494

104,524

2

1,016

47,762

1,270

39,804

144,673


Kosovo

1,810,000

252

7,418

244

-4

6

109

8

307

829


Kosrae

8,000

16

667

12

 
 
5

1

15

32


Kyrgyzstan

6,637,000

5,282

1,275

5,204

 
112

1,319

89

2,784

11,297


Latvia

1,893,000

2,130

903

2,097

-1

37

348

31

1,261

3,960


Lesotho

2,159,000

3,789

589

3,665

-2

77

531

93

3,042

10,270


Liberia

5,180,000

8,236

770

6,726

 
192

759

140

13,829

27,494


Liechtenstein

38,000

91

437

87

-1

 
4

1

31

175


Lithuania

2,783,000

2,878

976

2,852

-1

49

427

43

1,366

5,467


Luxembourg

635,000

2,203

291

2,184

3

 
235

31

1,058

4,666


Macao

683,000

415

1,699

402

5

19

126

6

553

1,138


Madagascar

28,427,000

33,796

859

33,081

-4

901

6,589

852

48,587

137,572


Madeira

251,000

1,183

214

1,171

2

7

134

19

374

2,164


Malawi

19,648,000

97,938

221

88,916

-4

2,667

7,187

1,816

76,514

281,176


Malaysia

32,655,000

5,640

5,841

5,591

1

114

1,576

123

4,771

14,430


Mali

20,856,000

382

60,628

344

4

12

60

7

652

994


Malta

516,000

824

645

800

5

10

122

11

295

1,430


Marshall Islands

60,000

131

513

117

4

6

26

4

154

663


Martinique

375,000

5,024

76

4,956

5

112

629

57

3,959

12,145


Mauritius

1,229,000

2,094

605

2,030

5

70

261

27

2,161

6,710


Mayotte

280,000

168

1,854

151

-17

 
54

5

224

413


Mexico

130,262,000

870,967

151

864,633

 
15,780

138,587

12,938

520,968

2,442,109


Moldova

3,235,000

18,557

176

18,418

1

376

2,289

202

12,275

42,228


Mongolia

3,329,000

442

7,635

436

-2

5

192

8

975

1,873


Montenegro

628,000

333

1,944

323

5

4

84

7

156

908


Montserrat

5,000

37

139

36

 
 
16

1

55

135


Mozambique

30,832,000

89,946

446

69,106

4

5,179

6,729

1,313

80,890

269,122


Myanmar

55,214,000

5,102

10,983

5,027

4

183

906

101

4,143

11,881


Namibia

2,587,000

2,663

1,021

2,535

1

93

324

47

3,652

8,457


Nauru

11,000

18

733

15

15

 
2

1

10

109


Nepal

29,675,000

2,809

10,717

2,769

4

157

824

43

3,007

9,378


Netherlands

17,546,000

29,215

611

28,699

2

374

2,332

353

9,880

51,716


Nevis

14,000

76

197

71

4

 
5

1

48

266


New Caledonia

271,000

2,651

105

2,586

2

80

298

34

2,685

8,112


New Zealand

4,861,000

14,583

339

14,337

3

237

1,512

171

5,512

26,983


Nicaragua

6,702,000

29,546

230

29,176

1

610

4,639

469

20,849

86,801


Niger

25,131,000

315

88,489

284

-5

8

44

9

265

731


Nigeria

211,401,000

380,713

652

324,464

-5

6,442

39,621

6,577

299,039

698,762


Niue

2,000

21

100

20

-5

 
2

1

10

50


North Macedonia

2,083,000

1,277

1,661

1,254

 
10

184

24

758

3,888


Norway

5,399,000

12,001

456

11,848

1

111

1,280

166

3,922

19,196


Pakistan

225,200,000

1,098

211,654

1,064

7

7

63

16

680

4,357


Palau

18,000

81

247

73

-6

2

17

2

121

241


Palestinian Territories

5,223,000

62

88,525

59

4

 
10

2

65

186


Panama

4,382,000

18,650

238

18,433

3

483

3,150

324

15,811

63,639


Papua New Guinea

9,119,000

5,876

1,786

5,105

 
193

705

93

6,329

34,044


Paraguay

7,220,000

11,298

646

11,180

2

328

2,137

215

10,251

31,583


Peru

33,035,000

133,081

253

130,750

1

3,565

29,596

1,589

154,384

497,725


Philippines

111,047,000

235,736

486

228,289

1

7,366

49,730

3,504

165,171

739,439


Pohnpei

34,000

56

618

55

 
2

19

1

63

197


Poland

38,265,000

113,723

341

112,208

1

1,186

8,789

1,272

29,309

201,271


Portugal

9,860,000

50,921

195

50,675

2

810

5,379

654

19,229

102,467


Puerto Rico

2,828,000

23,610

122

23,214

1

290

3,768

232

10,192

49,656


Réunion

902,000

3,452

265

3,410

2

67

500

42

2,115

7,390


Rodrigues

44,000

69

677

65

 
3

11

1

64

221


Romania

19,128,000

39,785

484

39,534

1

704

4,437

532

20,617

100,121


Rota

3,000

6

750

4

-20

 
1

 
2

1


Rwanda

12,956,000

31,279

438

29,611

-1

51

5,257

560

32,905

82,333


Saba

2,000

14

167

12

-8

 
3

 
13

38


St. Barthélemy

10,000

39

286

35

3

 
6

1

23

111


St. Eustatius

3,000

33

111

27

4

 
5

1

39

146


St. Helena

6,000

115

56

107

3

 
 
3

31

218


St. Kitts

40,000

235

181

221

3

1

29

3

220

829


St. Lucia

184,000

793

238

774

 
5

117

11

898

2,753


St. Maarten

43,000

333

132

325

3

19

42

4

315

1,113


St. Martin

39,000

294

140

279

2

10

27

5

396

1,080


St. Pierre and Miquelon

6,000

15

429

14

8

 
5

1

2

18


St. Vincent & the Grenadines

111,000

312

384

289

-1

 
43

8

324

1,112


Saipan

48,000

234

218

220

-1

9

41

3

272

706


Samoa

201,000

544

378

532

10

17

95

12

625

2,611


San Marino

34,000

195

179

190

-1

 
44

2

80

419


São Tomé and Príncipe

215,000

936

235

914

3

38

140

14

1,705

5,794


Senegal

17,196,000

1,444

12,213

1,408

4

12

185

33

1,784

3,837


Serbia

6,899,000

3,824

1,827

3,777

 
64

669

62

2,334

9,181


Seychelles

99,000

371

277

358

5

4

38

5

508

1,349


Sierra Leone

8,141,000

2,618

3,591

2,267

-2

52

312

40

3,382

8,140


Slovakia

5,461,000

11,199

490

11,134

2

181

952

133

3,543

25,816


Slovenia

2,107,000

1,757

1,210

1,741

 
20

244

29

820

3,256


Solomon Islands

704,000

1,719

460

1,532

-16

51

197

50

1,178

10,645


South Africa

60,042,000

100,112

620

96,839

-1

1,532

13,216

2,071

71,960

247,542


South Sudan

11,381,000

1,597

7,608

1,496

6

75

216

33

1,974

5,563


Spain

46,745,000

119,896

393

118,973

2

1,920

19,873

1,472

44,068

217,480


Sri Lanka

21,919,000

7,121

3,131

7,000

5

217

926

103

7,677

20,495


Sudan

44,909,000

832

68,459

656

7

28

126

14

782

1,771


Suriname

575,000

3,354

184

3,120

3

93

349

56

3,778

11,003


Sweden

10,402,000

22,634

464

22,428

1

243

2,628

280

7,908

36,110


Switzerland

8,715,000

19,530

451

19,327

2

198

1,653

263

7,416

34,607


Tahiti

283,000

3,240

89

3,180

 
48

453

45

2,895

11,588


Taiwan

23,488,000

11,367

2,075

11,321

 
274

3,875

181

9,324

22,149


Tanzania

61,498,000

19,522

3,423

17,967

 
539

2,133

440

19,990

52,869


Thailand

69,951,000

5,249

13,419

5,213

-3

146

1,906

140

3,601

10,607


Timor-Leste

1,345,000

382

3,616

372

-2

17

98

5

414

1,243


Tinian

3,000

11

300

10

-9

 
1

1

14

28


Togo

8,478,000

21,915

399

21,259

2

622

2,481

342

23,993

57,101


Tonga

107,000

254

591

181

-2

8

41

2

227

595


Trinidad & Tobago

1,403,000

10,588

134

10,437

3

193

1,353

132

9,706

31,739


Turkey

85,043,000

5,141

17,029

4,994

7

159

1,734

68

2,759

9,309


Turks and Caicos

39,000

352

116

337

 
7

50

7

346

1,150


Tuvalu

12,000

93

190

63

-9

 
3

1

36

305


Uganda

42,861,000

9,211

4,772

8,982

3

397

1,182

163

17,714

31,610


Ukraine

41,443,000

129,143

323

128,442

1

1,878

18,181

1,489

40,535

264,176


United States of America

332,915,000

1,255,657

268

1,242,370

3

19,627

196,999

12,163

501,328

2,461,094


Uruguay

3,485,000

12,160

289

12,078

1

204

1,583

149

11,850

29,798


Vanuatu

314,000

838

439

715

1

23

121

17

951

4,114


Venezuela

28,705,000

134,894

215

133,366

 
3,494

30,987

1,734

81,016

412,096


Virgin Islands, British

30,000

241

133

225

6

 
31

4

171

923


Virgin Islands, U.S.

104,000

579

195

534

1

12

109

8

534

1,539


Wallis & Futuna Islands

11,000

74

175

63

7

1

6

1

53

184


Yap

11,000

33

355

31

3

 
8

1

65

142


Zambia

18,384,000

191,982

101

182,499

-9

5,421

17,717

3,519

227,111

779,219


Zimbabwe

15,100,000

43,059

360

41,898

-7

642

7,182

1,094

40,372

126,234


33 Other Lands

 
211,597

 
209,160

0.8

5,339

41,937

2,834

93,138

327,616


Grand Total (239 Lands)

 
8,686,980

 
8,480,147

0.7

171,393

1,350,138

119,297

5,908,167

21,367,603








